,orig_acc,orin_acc,ratio,with_ang_acc,with_angs_acc,with_both_acc,with_dist_acc
0,37.4485596708,,0.1,,38.2716049383,23.4567901235,32.5102880658
1,48.6111111111,,0.2,,50.462962963,55.5555555556,57.4074074074
2,57.671957672,,0.3,,60.8465608466,60.8465608466,56.6137566138
3,62.962962963,,0.4,,72.2222222222,63.5802469136,66.6666666667
4,71.8518518519,,0.5,,65.1851851852,64.4444444444,69.6296296296
5,71.2962962963,,0.6,,71.2962962963,73.1481481481,76.8518518519
6,71.6049382716,,0.7,,72.8395061728,71.6049382716,74.0740740741
7,72.2222222222,,0.8,,81.4814814815,74.0740740741,77.7777777778
8,74.0740740741,,0.9,,77.7777777778,74.0740740741,77.7777777778
9,29.2181069959,,0.1,,32.5102880658,35.8024691358,27.1604938272
10,53.7037037037,,0.2,,44.4444444444,50.9259259259,46.2962962963
11,66.6666666667,,0.3,,64.0211640212,62.962962963,68.253968254
12,75.3086419753,,0.4,,75.9259259259,65.4320987654,62.3456790123
13,62.962962963,,0.5,,64.4444444444,67.4074074074,68.8888888889
14,75.9259259259,,0.6,,74.0740740741,67.5925925926,69.4444444444
15,76.5432098765,,0.7,,71.6049382716,67.9012345679,72.8395061728
16,75.9259259259,,0.8,,70.3703703704,77.7777777778,68.5185185185
17,77.7777777778,,0.9,,74.0740740741,77.7777777778,77.7777777778
18,30.8641975309,,0.1,,37.4485596708,24.6913580247,34.5679012346
19,47.6851851852,,0.2,,48.6111111111,50.0,50.462962963
20,58.2010582011,,0.3,,59.2592592593,64.0211640212,61.3756613757
21,67.2839506173,,0.4,,67.2839506173,70.3703703704,66.049382716
22,65.1851851852,,0.5,,72.5925925926,66.6666666667,66.6666666667
23,73.1481481481,,0.6,,72.2222222222,74.0740740741,75.0
24,69.1358024691,,0.7,,70.3703703704,75.3086419753,72.8395061728
25,77.7777777778,,0.8,,77.7777777778,70.3703703704,83.3333333333
26,66.6666666667,,0.9,,74.0740740741,77.7777777778,85.1851851852
27,30.8641975309,,0.1,,25.9259259259,30.4526748971,37.037037037
28,55.5555555556,,0.2,,40.7407407407,46.2962962963,50.9259259259
29,55.0264550265,,0.3,,63.4920634921,66.1375661376,57.1428571429
30,61.1111111111,,0.4,,69.7530864198,67.2839506173,70.987654321
31,62.962962963,,0.5,,69.6296296296,69.6296296296,68.1481481481
32,73.1481481481,,0.6,,73.1481481481,73.1481481481,71.2962962963
33,72.8395061728,,0.7,,71.6049382716,70.3703703704,71.6049382716
34,75.9259259259,,0.8,,77.7777777778,75.9259259259,77.7777777778
35,77.7777777778,,0.9,,81.4814814815,77.7777777778,74.0740740741
36,29.2181069959,,0.1,,39.0946502058,34.9794238683,34.1563786008
37,48.6111111111,,0.2,,53.2407407407,51.8518518519,52.3148148148
38,64.0211640212,,0.3,,62.962962963,67.1957671958,60.3174603175
39,70.3703703704,,0.4,,67.9012345679,66.049382716,67.9012345679
40,69.6296296296,,0.5,,65.9259259259,72.5925925926,63.7037037037
41,69.4444444444,,0.6,,71.2962962963,72.2222222222,73.1481481481
42,74.0740740741,,0.7,,69.1358024691,72.8395061728,67.9012345679
43,74.0740740741,,0.8,,75.9259259259,74.0740740741,74.0740740741
44,77.7777777778,,0.9,,70.3703703704,70.3703703704,88.8888888889
45,30.8641975309,,0.1,,30.4526748971,31.6872427984,33.7448559671
46,53.7037037037,,0.2,,57.4074074074,54.6296296296,58.3333333333
47,61.3756613757,,0.3,,66.6666666667,64.0211640212,62.962962963
48,66.049382716,,0.4,,72.2222222222,68.5185185185,62.962962963
49,65.1851851852,,0.5,,64.4444444444,66.6666666667,64.4444444444
50,77.7777777778,,0.6,,74.0740740741,69.4444444444,72.2222222222
51,70.3703703704,,0.7,,72.8395061728,69.1358024691,69.1358024691
52,75.9259259259,,0.8,,75.9259259259,75.9259259259,72.2222222222
53,81.4814814815,,0.9,,77.7777777778,74.0740740741,77.7777777778
54,32.0987654321,,0.1,,34.9794238683,22.633744856,25.1028806584
55,50.9259259259,,0.2,,55.0925925926,54.6296296296,54.1666666667
56,71.9576719577,,0.3,,60.8465608466,61.9047619048,60.3174603175
57,66.049382716,,0.4,,74.6913580247,71.6049382716,67.9012345679
58,65.1851851852,,0.5,,68.8888888889,70.3703703704,65.1851851852
59,75.0,,0.6,,74.0740740741,75.9259259259,75.9259259259
60,71.6049382716,,0.7,,70.3703703704,75.3086419753,72.8395061728
61,77.7777777778,,0.8,,77.7777777778,77.7777777778,77.7777777778
62,66.6666666667,,0.9,,70.3703703704,81.4814814815,81.4814814815
63,31.2757201646,,0.1,,22.633744856,41.1522633745,30.0411522634
64,50.9259259259,,0.2,,48.6111111111,50.9259259259,47.6851851852
65,68.253968254,,0.3,,61.9047619048,60.3174603175,63.4920634921
66,64.8148148148,,0.4,,67.2839506173,67.9012345679,64.8148148148
67,62.2222222222,,0.5,,68.8888888889,74.8148148148,71.8518518519
68,71.2962962963,,0.6,,75.9259259259,75.0,74.0740740741
69,71.6049382716,,0.7,,72.8395061728,74.0740740741,69.1358024691
70,79.6296296296,,0.8,,77.7777777778,74.0740740741,79.6296296296
71,74.0740740741,,0.9,,85.1851851852,77.7777777778,85.1851851852
72,30.0411522634,,0.1,,27.9835390947,31.6872427984,31.2757201646
73,52.7777777778,,0.2,,51.8518518519,55.0925925926,56.0185185185
74,58.7301587302,,0.3,,59.2592592593,64.5502645503,60.8465608466
75,66.049382716,,0.4,,66.049382716,72.2222222222,69.1358024691
76,68.1481481481,,0.5,,69.6296296296,70.3703703704,62.962962963
77,79.6296296296,,0.6,,75.9259259259,70.3703703704,74.0740740741
78,72.8395061728,,0.7,,75.3086419753,69.1358024691,71.6049382716
79,83.3333333333,,0.8,,75.9259259259,77.7777777778,75.9259259259
80,81.4814814815,,0.9,,77.7777777778,74.0740740741,74.0740740741
81,25.9259259259,,0.1,,37.037037037,28.8065843621,29.6296296296
82,41.6666666667,,0.2,,50.0,54.6296296296,49.0740740741
83,61.3756613757,,0.3,,64.0211640212,62.4338624339,59.7883597884
84,72.2222222222,,0.4,,67.2839506173,66.049382716,69.1358024691
85,65.9259259259,,0.5,,61.4814814815,65.1851851852,64.4444444444
86,73.1481481481,,0.6,,68.5185185185,73.1481481481,72.2222222222
87,69.1358024691,,0.7,,69.1358024691,71.6049382716,71.6049382716
88,79.6296296296,,0.8,,79.6296296296,75.9259259259,75.9259259259
89,77.7777777778,,0.9,,77.7777777778,70.3703703704,74.0740740741
90,42.3868312757,,0.1,,27.5720164609,34.1563786008,25.9259259259
91,51.3888888889,,0.2,,45.8333333333,46.7592592593,50.0
92,61.9047619048,,0.3,,60.8465608466,67.1957671958,63.4920634921
93,70.3703703704,,0.4,,62.3456790123,69.7530864198,70.3703703704
94,65.1851851852,,0.5,,74.8148148148,61.4814814815,65.1851851852
95,72.2222222222,,0.6,,75.0,71.2962962963,79.6296296296
96,71.6049382716,,0.7,,67.9012345679,71.6049382716,71.6049382716
97,75.9259259259,,0.8,,77.7777777778,72.2222222222,75.9259259259
98,74.0740740741,,0.9,,77.7777777778,81.4814814815,92.5925925926
99,31.6872427984,,0.1,,34.5679012346,26.7489711934,32.0987654321
100,50.0,,0.2,,51.8518518519,53.7037037037,51.8518518519
101,56.0846560847,,0.3,,60.8465608466,57.671957672,59.7883597884
102,69.7530864198,,0.4,,70.3703703704,69.7530864198,66.049382716
103,65.9259259259,,0.5,,67.4074074074,65.1851851852,68.1481481481
104,69.4444444444,,0.6,,70.3703703704,71.2962962963,72.2222222222
105,70.3703703704,,0.7,,67.9012345679,74.0740740741,75.3086419753
106,72.2222222222,,0.8,,77.7777777778,70.3703703704,66.6666666667
107,74.0740740741,,0.9,,74.0740740741,74.0740740741,74.0740740741
108,27.5720164609,,0.1,,25.5144032922,25.5144032922,30.8641975309
109,47.2222222222,,0.2,,52.7777777778,49.0740740741,48.6111111111
110,61.3756613757,,0.3,,68.7830687831,59.7883597884,67.7248677249
111,72.2222222222,,0.4,,65.4320987654,74.0740740741,67.2839506173
112,65.1851851852,,0.5,,64.4444444444,65.1851851852,62.2222222222
113,74.0740740741,,0.6,,75.9259259259,73.1481481481,78.7037037037
114,69.1358024691,,0.7,,77.7777777778,72.8395061728,67.9012345679
115,81.4814814815,,0.8,,75.9259259259,75.9259259259,70.3703703704
116,77.7777777778,,0.9,,74.0740740741,81.4814814815,77.7777777778
117,36.2139917695,,0.1,,40.329218107,25.1028806584,31.2757201646
118,56.0185185185,,0.2,,53.2407407407,44.9074074074,47.2222222222
119,62.962962963,,0.3,,66.1375661376,64.0211640212,65.0793650794
120,72.2222222222,,0.4,,67.9012345679,69.1358024691,72.2222222222
121,73.3333333333,,0.5,,68.1481481481,67.4074074074,64.4444444444
122,73.1481481481,,0.6,,75.9259259259,74.0740740741,72.2222222222
123,69.1358024691,,0.7,,72.8395061728,69.1358024691,74.0740740741
124,81.4814814815,,0.8,,81.4814814815,72.2222222222,75.9259259259
125,70.3703703704,,0.9,,70.3703703704,77.7777777778,74.0740740741
126,33.7448559671,,0.1,,39.5061728395,36.6255144033,38.2716049383
127,53.7037037037,,0.2,,49.0740740741,55.5555555556,50.0
128,60.8465608466,,0.3,,67.1957671958,62.4338624339,68.7830687831
129,69.1358024691,,0.4,,73.4567901235,64.1975308642,78.3950617284
130,60.0,,0.5,,57.037037037,67.4074074074,74.0740740741
131,74.0740740741,,0.6,,75.0,71.2962962963,69.4444444444
132,70.3703703704,,0.7,,71.6049382716,67.9012345679,72.8395061728
133,72.2222222222,,0.8,,77.7777777778,77.7777777778,72.2222222222
134,88.8888888889,,0.9,,77.7777777778,74.0740740741,77.7777777778
135,32.5102880658,,0.1,,39.0946502058,28.8065843621,29.6296296296
136,49.537037037,,0.2,,56.0185185185,51.3888888889,43.0555555556
137,59.7883597884,,0.3,,60.3174603175,61.9047619048,62.4338624339
138,73.4567901235,,0.4,,65.4320987654,71.6049382716,67.2839506173
139,68.8888888889,,0.5,,64.4444444444,66.6666666667,62.962962963
140,71.2962962963,,0.6,,76.8518518519,75.0,67.5925925926
141,71.6049382716,,0.7,,69.1358024691,72.8395061728,70.3703703704
142,72.2222222222,,0.8,,72.2222222222,72.2222222222,79.6296296296
143,77.7777777778,,0.9,,70.3703703704,62.962962963,74.0740740741
144,38.2716049383,,0.1,,35.3909465021,28.8065843621,25.9259259259
145,48.6111111111,,0.2,,50.9259259259,56.0185185185,50.9259259259
146,60.8465608466,,0.3,,61.9047619048,58.2010582011,66.1375661376
147,62.962962963,,0.4,,69.7530864198,65.4320987654,68.5185185185
148,68.1481481481,,0.5,,65.1851851852,73.3333333333,70.3703703704
149,72.2222222222,,0.6,,69.4444444444,70.3703703704,74.0740740741
150,67.9012345679,,0.7,,71.6049382716,69.1358024691,67.9012345679
151,70.3703703704,,0.8,,77.7777777778,74.0740740741,75.9259259259
152,74.0740740741,,0.9,,81.4814814815,85.1851851852,81.4814814815
153,35.8024691358,,0.1,,48.1481481481,34.9794238683,31.2757201646
154,58.3333333333,,0.2,,55.5555555556,47.6851851852,47.2222222222
155,59.7883597884,,0.3,,68.7830687831,55.0264550265,62.4338624339
156,75.9259259259,,0.4,,65.4320987654,68.5185185185,67.9012345679
157,65.9259259259,,0.5,,72.5925925926,65.1851851852,67.4074074074
158,74.0740740741,,0.6,,75.9259259259,71.2962962963,70.3703703704
159,70.3703703704,,0.7,,66.6666666667,74.0740740741,69.1358024691
160,74.0740740741,,0.8,,77.7777777778,75.9259259259,74.0740740741
161,85.1851851852,,0.9,,74.0740740741,85.1851851852,77.7777777778
162,37.8600823045,,0.1,,30.4526748971,31.2757201646,30.8641975309
163,49.0740740741,,0.2,,58.7962962963,49.537037037,49.0740740741
164,73.0158730159,,0.3,,66.6666666667,55.5555555556,57.1428571429
165,69.7530864198,,0.4,,74.6913580247,65.4320987654,71.6049382716
166,66.6666666667,,0.5,,64.4444444444,63.7037037037,67.4074074074
167,75.9259259259,,0.6,,72.2222222222,76.8518518519,71.2962962963
168,72.8395061728,,0.7,,70.3703703704,72.8395061728,79.012345679
169,75.9259259259,,0.8,,74.0740740741,77.7777777778,77.7777777778
170,77.7777777778,,0.9,,70.3703703704,81.4814814815,88.8888888889
171,22.633744856,,0.1,,25.1028806584,31.2757201646,30.8641975309
172,49.0740740741,,0.2,,50.9259259259,43.5185185185,56.4814814815
173,66.1375661376,,0.3,,63.4920634921,57.671957672,67.1957671958
174,72.8395061728,,0.4,,65.4320987654,62.962962963,71.6049382716
175,64.4444444444,,0.5,,68.8888888889,64.4444444444,57.7777777778
176,75.9259259259,,0.6,,72.2222222222,75.0,70.3703703704
177,69.1358024691,,0.7,,71.6049382716,71.6049382716,70.3703703704
178,75.9259259259,,0.8,,77.7777777778,72.2222222222,75.9259259259
179,77.7777777778,,0.9,,81.4814814815,77.7777777778,85.1851851852
180,38.2716049383,,0.1,,44.4444444444,40.7407407407,25.1028806584
181,51.8518518519,,0.2,,49.537037037,48.1481481481,53.2407407407
182,58.7301587302,,0.3,,61.9047619048,65.0793650794,62.962962963
183,67.9012345679,,0.4,,69.1358024691,70.987654321,65.4320987654
184,62.2222222222,,0.5,,68.1481481481,65.1851851852,66.6666666667
185,72.2222222222,,0.6,,77.7777777778,73.1481481481,75.9259259259
186,67.9012345679,,0.7,,67.9012345679,69.1358024691,70.3703703704
187,70.3703703704,,0.8,,75.9259259259,77.7777777778,75.9259259259
188,81.4814814815,,0.9,,74.0740740741,85.1851851852,85.1851851852
189,40.329218107,,0.1,,38.2716049383,33.7448559671,29.2181069959
190,53.2407407407,,0.2,,50.0,48.6111111111,49.537037037
191,63.4920634921,,0.3,,57.1428571429,58.2010582011,62.4338624339
192,67.9012345679,,0.4,,62.3456790123,67.9012345679,62.962962963
193,65.9259259259,,0.5,,66.6666666667,70.3703703704,67.4074074074
194,74.0740740741,,0.6,,75.0,72.2222222222,75.9259259259
195,71.6049382716,,0.7,,74.0740740741,74.0740740741,67.9012345679
196,81.4814814815,,0.8,,79.6296296296,70.3703703704,79.6296296296
197,70.3703703704,,0.9,,66.6666666667,81.4814814815,77.7777777778
198,29.6296296296,,0.1,,32.5102880658,30.0411522634,26.3374485597
199,46.2962962963,,0.2,,43.0555555556,51.3888888889,53.7037037037
200,61.9047619048,,0.3,,59.7883597884,58.7301587302,60.3174603175
201,75.3086419753,,0.4,,73.4567901235,66.049382716,69.7530864198
202,67.4074074074,,0.5,,71.8518518519,67.4074074074,63.7037037037
203,67.5925925926,,0.6,,74.0740740741,71.2962962963,75.0
204,72.8395061728,,0.7,,70.3703703704,70.3703703704,70.3703703704
205,75.9259259259,,0.8,,75.9259259259,81.4814814815,72.2222222222
206,77.7777777778,,0.9,,81.4814814815,77.7777777778,74.0740740741
207,27.1604938272,,0.1,,31.6872427984,27.5720164609,30.4526748971
208,55.0925925926,,0.2,,51.8518518519,53.7037037037,57.4074074074
209,62.4338624339,,0.3,,63.4920634921,60.3174603175,59.2592592593
210,64.1975308642,,0.4,,69.1358024691,72.8395061728,69.7530864198
211,66.6666666667,,0.5,,64.4444444444,62.2222222222,65.9259259259
212,69.4444444444,,0.6,,74.0740740741,76.8518518519,75.9259259259
213,71.6049382716,,0.7,,70.3703703704,70.3703703704,67.9012345679
214,74.0740740741,,0.8,,79.6296296296,77.7777777778,77.7777777778
215,77.7777777778,,0.9,,70.3703703704,74.0740740741,81.4814814815
216,23.4567901235,,0.1,,28.8065843621,36.6255144033,34.1563786008
217,51.8518518519,,0.2,,50.0,51.8518518519,49.0740740741
218,55.5555555556,,0.3,,56.0846560847,66.6666666667,61.3756613757
219,66.049382716,,0.4,,64.8148148148,69.7530864198,69.7530864198
220,71.8518518519,,0.5,,61.4814814815,72.5925925926,68.1481481481
221,73.1481481481,,0.6,,75.0,72.2222222222,73.1481481481
222,72.8395061728,,0.7,,69.1358024691,67.9012345679,69.1358024691
223,77.7777777778,,0.8,,72.2222222222,72.2222222222,77.7777777778
224,70.3703703704,,0.9,,74.0740740741,77.7777777778,74.0740740741
225,28.8065843621,,0.1,,35.8024691358,41.975308642,27.1604938272
226,46.7592592593,,0.2,,49.0740740741,56.4814814815,45.8333333333
227,62.4338624339,,0.3,,60.3174603175,60.3174603175,65.6084656085
228,59.8765432099,,0.4,,63.5802469136,66.049382716,72.2222222222
229,62.2222222222,,0.5,,69.6296296296,63.7037037037,65.1851851852
230,74.0740740741,,0.6,,73.1481481481,68.5185185185,72.2222222222
231,72.8395061728,,0.7,,72.8395061728,72.8395061728,71.6049382716
232,77.7777777778,,0.8,,72.2222222222,79.6296296296,72.2222222222
233,62.962962963,,0.9,,70.3703703704,88.8888888889,77.7777777778
234,22.2222222222,,0.1,,28.3950617284,38.2716049383,30.0411522634
235,50.0,,0.2,,51.8518518519,52.7777777778,51.8518518519
236,58.7301587302,,0.3,,71.9576719577,66.6666666667,60.8465608466
237,61.1111111111,,0.4,,69.1358024691,66.049382716,65.4320987654
238,63.7037037037,,0.5,,64.4444444444,62.2222222222,63.7037037037
239,75.0,,0.6,,70.3703703704,77.7777777778,72.2222222222
240,66.6666666667,,0.7,,67.9012345679,72.8395061728,69.1358024691
241,77.7777777778,,0.8,,83.3333333333,75.9259259259,74.0740740741
242,85.1851851852,,0.9,,70.3703703704,81.4814814815,74.0740740741
243,25.1028806584,,0.1,,30.8641975309,37.037037037,29.2181069959
244,50.0,,0.2,,54.1666666667,47.6851851852,55.0925925926
245,64.5502645503,,0.3,,62.4338624339,64.0211640212,64.0211640212
246,68.5185185185,,0.4,,68.5185185185,68.5185185185,67.2839506173
247,65.9259259259,,0.5,,66.6666666667,62.2222222222,71.8518518519
248,70.3703703704,,0.6,,70.3703703704,72.2222222222,71.2962962963
249,71.6049382716,,0.7,,72.8395061728,75.3086419753,67.9012345679
250,74.0740740741,,0.8,,72.2222222222,77.7777777778,75.9259259259
251,74.0740740741,,0.9,,81.4814814815,85.1851851852,74.0740740741
252,35.8024691358,,0.1,,34.9794238683,31.6872427984,30.0411522634
253,50.462962963,,0.2,,55.0925925926,55.5555555556,58.3333333333
254,64.0211640212,,0.3,,59.2592592593,57.671957672,57.1428571429
255,67.2839506173,,0.4,,72.8395061728,60.4938271605,77.1604938272
256,74.0740740741,,0.5,,66.6666666667,70.3703703704,66.6666666667
257,74.0740740741,,0.6,,70.3703703704,75.9259259259,73.1481481481
258,71.6049382716,,0.7,,69.1358024691,66.6666666667,72.8395061728
259,75.9259259259,,0.8,,74.0740740741,79.6296296296,72.2222222222
260,74.0740740741,,0.9,,81.4814814815,74.0740740741,81.4814814815
261,29.6296296296,,0.1,,27.9835390947,37.037037037,31.2757201646
262,52.7777777778,,0.2,,43.5185185185,53.2407407407,51.8518518519
263,69.8412698413,,0.3,,57.671957672,70.8994708995,61.3756613757
264,64.8148148148,,0.4,,65.4320987654,69.1358024691,67.9012345679
265,75.5555555556,,0.5,,65.1851851852,65.1851851852,63.7037037037
266,74.0740740741,,0.6,,74.0740740741,72.2222222222,75.0
267,79.012345679,,0.7,,69.1358024691,69.1358024691,69.1358024691
268,75.9259259259,,0.8,,72.2222222222,75.9259259259,74.0740740741
269,77.7777777778,,0.9,,74.0740740741,85.1851851852,77.7777777778
